1000
416870
133458
953037
805927
943390
559757
207752
498092
883443
495228
841342
789009
45185
232143
733539
486723
388906
120598
652012
175194
747982
787393
141626
770811
645042
231740
606842
202037
149989
854716
849276
203748
128083
207139
186607
932566
346785
782896
482231
266450
391038
580145
251185
674505
756112
40988
685672
752324
457028
662379
78776
588517
467341
769148
729162
93462
644434
109743
846517
985666
828761
898922
731225
533066
589841
964072
281380
523191
45955
631509
413216
828579
185402
547023
667356
686558
94432
738305
459484
421902
726585
972411
551961
983402
637721
56759
387310
878078
751326
873979
775211
185814
186924
182176
576273
191581
414860
418669
231729
401088
646262
488071
111676
355967
553944
374244
19212
533368
188436
116631
412424
84189
14551
8417
989468
75256
325475
255119
111275
371358
864202
691662
848549
863047
851357
914201
148375
987694
388706
476088
120139
922342
443865
213469
709013
265587
837137
63251
921146
495916
94317
913044
310980
95395
674380
794980
182846
319529
250587
554427
791070
705493
657878
567388
465735
437098
244380
472785
193477
65566
24156
275590
606929
680577
385312
54829
325416
190760
940941
871818
175858
847715
247119
517632
706900
822529
476308
537311
468852
62644
3242
258633
934944
196545
611576
443667
295664
932038
863201
73246
383197
269501
880711
245305
265133
245736
171675
743651
451930
343238
246912
492201
421489
201459
914742
484634
942133
925154
929144
477477
344216
973514
856594
490483
135538
951812
958611
823307
444126
803046
921343
327847
689815
576350
387299
583145
764895
395227
98045
825349
27691
165385
490944
919084
34495
257584
276025
598881
485576
846009
281356
436336
484514
136434
442987
332819
81847
897258
400673
559401
653545
778594
480867
597114
653514
716099
159944
542474
455695
630776
498710
115671
434762
442409
57455
78870
791713
390350
900260
642191
494712
794381
956662
195551
941464
402960
366291
557958
32971
580648
861295
868740
478391
554182
985823
544358
657265
494882
310565
197377
161706
619570
682648
495540
578783
117640
999147
864610
20190
681007
590417
257067
667231
277677
491241
84230
955640
361334
769034
5932
799536
989448
673208
841141
860486
108798
36420
655852
710349
720980
112933
467922
48930
169331
684304
14955
417506
937671
692115
979230
753108
158028
274717
609294
420757
592396
715320
616563
541846
381796
799818
745355
293737
348431
919881
97960
117488
725440
319604
71217
881217
68237
65475
774756
266635
662649
569314
830942
812683
662051
833215
64635
899243
170820
238534
441711
116380
883499
493376
650659
419217
812428
258823
790073
650805
207888
3758
550359
529924
677720
300260
974435
623534
883605
63288
704129
50137
869152
835865
333649
203698
697751
899009
364931
483460
987493
880811
272404
920671
25126
575734
301685
204894
3697
985588
516072
253052
655623
841577
263823
128921
613929
853160
566626
374034
387166
478394
409907
735912
82475
669727
858113
997666
273138
692294
485291
420297
698478
612035
878214
13293
134290
921765
548628
409293
1170
74919
524462
172797
735951
967653
985065
810250
252691
742130
854605
59980
719759
961419
509622
668985
615934
38697
343700
493254
107245
4799
44883
30184
621006
686998
358140
806686
585730
235020
641753
175326
386480
38286
490415
310029
979720
152767
722108
831378
850685
328014
864838
861465
264867
252611
880798
917841
941655
449260
988917
801598
42144
180001
604040
243188
299494
218500
190461
845052
24068
539622
171354
660411
389156
976726
788752
801884
701564
10363
206134
209601
148794
837317
161129
533659
885420
244399
824459
88721
353782
348237
720837
787713
579797
330921
546077
891939
485176
497872
943866
771037
630796
368422
975635
582385
48626
348227
535869
189700
332768
953102
580936
117030
795194
82741
204306
783097
351040
651806
748224
608283
76248
197045
585898
870002
188614
417177
481126
682572
73755
922643
658027
711807
504966
103793
811115
723625
44947
965276
398465
303695
849199
640059
102221
664259
582186
959689
405484
655626
192010
991619
914324
658759
642990
166394
486052
564250
149254
816697
439410
92622
536757
214919
166839
841064
719044
132656
69079
355523
295029
132478
628542
436495
501435
992762
738868
727743
209300
966837
982075
911199
178346
563857
209282
525837
335507
673036
528526
97920
514692
490126
733553
96693
794881
867328
551526
992775
636770
248200
493742
937292
182694
654822
787086
384931
729091
958080
457973
471479
963201
236481
566459
340085
611129
477435
564860
238941
302547
89261
187751
295145
850991
349564
769165
199663
235620
406146
852988
880298
28978
308717
64782
278328
438602
873751
184022
114803
48667
899872
732976
717553
178207
117491
19743
915227
959516
969742
2561
366700
700033
558159
554542
338249
499196
597881
109758
902285
674665
593082
551821
609843
134710
112780
926070
489961
23382
293019
723985
125283
265752
817146
264506
382243
526050
907479
765112
588911
489078
606352
348207
118538
251277
511279
554424
194703
306168
625265
978515
394703
284205
294564
294189
107207
768436
741378
62164
255105
351961
525511
624633
613125
352497
323328
334433
83591
55439
370426
256428
734993
267740
420652
919717
443866
91810
754383
205129
954556
142556
195839
688836
60951
929428
69641
308577
584269
574831
76794
865773
696666
302513
869762
674394
15262
896792
756016
313747
259330
191659
295202
223018
75187
883805
460726
44979
697373
745867
388831
604883
392041
486079
191645
202301
904179
570565
103620
507180
436123
3110
715230
776961
256156
786
746879
503518
138892
953152
324209
50532
88825
631489
655922
876365
951845
356379
943334
859909
873079
288513
181925
835702
686938
804602
620891
187685
436991
546122
161869
890395
200288
856241
295212
388774
112366
721956
822103
188647
862117
197134
165700
778784
542493
202
657000
972572
477228
496887
566813
335633
751302
596691
879647
213177
33364
934950
288363
877067
994661
699361
771845
144791
208976
988588
62258
621784
250015
372780
491869
8325
383038
131821
78201
902421
863351
507531
477214
957977
273719
804571
400291
355663
764587
886041
845855
626880
871338
369406
62785
941559
846026
554106
299836
157667
448295
981404
715771
635514
703600
894062
255848
164344
726318
554857
456570
82581
579530
943190
902527
822002
332474
604227
364268
638839
729135
998839
572261
796314
413050
803178
781907
230304
432573
553457
988196
272351
613996
926844
958458
793208
369351
751954
228473
254721
980839
776341
672023
917202
743996
516619
775375
934122
226155
93161
902969
638263
441317
843211
383517
855591
379903
198999
142496
913169
96232
829768
754159
800422
93682
728613
641739
583710
771247
422640
152843
490501
940726
646668
119449
466078
574272
193518
968120
995330
846776
767171
385128
883779
903892
500935
418021
969568
751045
21786
79078
976456
488371
855948
804258
982469
577951
718123
331868
996907
739761
608104
958093
329390
688069
642362
878030
516601
168823
377177
253779
726556
223554
126498
326840
853554
546781
599063
543798
373281
652494
650681
