100
7 5 94 97
4 4 11 21
7 3 58 85
7 6 36 76
3 4 84 99
11 1 10 32
2 8 30 30
9 2 55 55
2 6 4 77
3 4 84 88
8 1 75 84
13 8 21 51
12 0 93 95
10 6 72 100
11 2 84 92
2 8 96 98
3 8 49 72
9 4 79 79
1 4 67 70
7 5 49 82
5 4 66 77
9 4 56 57
1 1 35 40
3 8 42 45
2 0 94 94
14 2 24 29
13 0 94 98
1 0 12 93
7 5 68 77
5 2 3 29
8 5 86 86
8 0 25 55
9 5 48 57
9 1 38 65
7 3 78 97
13 3 43 68
13 2 92 96
12 5 97 98
4 9 21 82
7 1 68 83
8 2 55 70
7 3 89 90
4 5 48 78
2 3 10 14
9 3 80 87
14 3 68 87
8 0 16 19
13 3 3 3
13 1 28 39
9 4 33 75
14 6 43 45
2 1 59 75
1 0 16 24
10 8 44 66
1 8 32 70
13 2 82 84
11 0 93 97
2 2 91 98
8 9 21 78
9 1 49 100
14 2 18 43
4 5 65 89
8 1 5 21
4 7 8 49
4 4 81 94
9 9 9 57
2 5 44 53
4 6 33 64
11 9 76 87
11 9 43 57
6 0 51 77
7 2 72 85
6 0 3 93
4 9 58 89
8 9 73 78
6 4 72 84
3 9 30 43
9 5 23 83
5 3 96 98
7 6 68 72
13 9 20 71
2 6 48 64
14 8 12 52
2 4 57 61
12 1 36 49
6 0 40 100
8 9 93 100
2 7 19 46
11 4 61 68
3 5 29 92
11 4 50 75
9 8 2 50
8 8 55 83
2 7 94 94
13 3 23 28
14 5 35 78
11 2 19 76
1 7 82 100
7 5 73 94
1 9 20 96
