6663
614
7896
3144
3580
4238
7083
390
6428
5576
5881
7770
2059
7116
3225
4804
1681
3203
1690
7790
2573
9393
9862
2180
5444
2939
5874
5515
3977
4430
3570
1461
9580
1040
773
4725
3606
141
5892
4825
5917
2452
1489
4325
2236
7557
9930
8001
5153
1749
6071
2770
9606
6305
6905
304
7961
5364
5445
2059
3046
6366
2957
9116
5295
5593
1928
5791
7274
5767
1278
1751
4831
6561
6817
9744
4652
6982
6211
4286
923
4203
6885
415
5291
8900
9069
1834
5493
5228
2987
8823
1224
6705
2390
3568
185
9435
4068
2778
901
4188
6685
2829
5667
6303
2788
450
6884
9301
7606
7301
3776
4212
3680
5250
6606
7076
7084
6420
7966
9043
9850
9032
5003
6302
6871
1754
6681
6313
6076
2984
2257
4611
6765
4675
5259
902
9878
5513
9353
4601
6750
9218
4313
3278
2782
6586
1040
4078
5176
2162
6805
8689
624
2000
7673
5020
7340
6965
2667
531
9108
1204
3058
5445
3770
4178
2185
4874
3702
3011
8127
8337
2617
4025
5544
9089
54
929
6306
9185
7787
1956
1357
6812
6334
4553
7896
9288
4505
9469
6773
4935
727
9512
3661
2901
7091
7658
5646
3632
1164
6696
8357
366
3695
2277
4254
3976
501
2771
8591
2606
8217
8032
5091
9012
4627
6675
6489
1954
2294
6062
6277
8006
5486
4036
8210
5524
2839
9628
9327
8320
6849
2511
9031
4761
5552
4359
8004
6982
9938
7845
3090
9045
4466
4442
5970
2223
6304
6937
3308
1241
4648
9367
8141
4663
4663
1005
6164
2549
344
9452
6276
7198
4665
3997
9733
8920
7884
9375
7383
4965
5046
8342
4635
5290
5983
8674
8019
5566
6383
8461
7304
2429
865
8968
8190
2651
4660
7433
7816
8826
5206
4055
725
4646
8060
1638
5377
4222
9657
3335
9767
8898
9898
473
8926
3367
3512
3676
2400
3245
4388
4031
552
3067
2921
89
9907
5491
8485
6033
9279
11
9485
3757
9519
9229
6236
298
7648
8987
572
2756
5427
3305
7408
7080
3177
3596
7672
3338
8515
1322
8553
9082
2190
6061
5519
9433
9094
1439
6572
7308
2724
6512
4134
8964
7820
9959
4715
5818
7030
1295
1731
4337
4610
6840
4915
9594
634
6586
1849
7248
4817
6114
4788
1018
6347
364
1327
9841
7040
5950
5976
7660
6859
5418
338
139
5196
5651
5533
3938
3970
1845
4076
4000
6518
3065
420
4079
7522
7243
9811
8792
8210
6086
2123
4534
6716
621
5815
7165
6347
9946
313
3426
9419
3887
5897
6307
2687
313
3290
9356
9324
3683
6012
6580
392
6622
6197
7361
6656
1447
1184
1888
3358
7121
8497
1918
2629
9190
514
1642
8972
2158
3917
7614
7078
9439
818
7493
8364
9045
1321
8695
3719
2314
7865
9782
1439
6951
9921
1585
1953
3171
1852
8717
822
2887
4191
5907
5891
3376
3723
1822
567
6238
5105
9750
6795
6999
4871
3421
6256
1218
2920
9893
4714
7929
6121
3044
7227
2365
8479
3890
6796
9341
1235
1426
2687
268
3651
6854
1522
3639
4364
9238
2680
5890
5948
7020
7960
3456
9556
9277
1721
7153
4353
8442
6789
331
7779
7174
503
2057
6871
1356
4552
4752
6297
6661
9009
8733
3814
1303
257
6353
2920
4157
2721
2293
9564
2129
6402
2998
9670
3682
1852
6489
3727
6746
7445
244
6678
6319
984
3423
9881
222
3550
3661
8105
5708
5645
7039
5750
7435
7113
309
9179
1283
8072
6394
711
6234
9955
7551
935
9122
7596
618
5570
5424
7181
6794
1466
1571
482
1194
6326
9355
4859
251
1195
1136
243
78
5714
5464
2175
9708
211
1249
5721
6890
4530
7234
5068
4402
1341
8098
7163
9647
7866
5541
6098
2387
6980
7191
5731
5912
8243
7694
6200
2298
7674
1080
605
6549
5929
4255
9209
7534
6733
1809
1029
5097
9048
7684
44
1477
9892
3888
4750
4898
7645
6880
4535
3536
1622
1923
9819
595
845
7356
1297
6912
6913
5791
5904
3443
3570
2713
7152
6938
6926
1270
9044
9908
9739
4846
6382
1549
1932
9340
8156
324
6356
4858
8305
8898
4239
5318
6899
4941
3994
2292
1207
2188
5519
5029
2260
63
1528
2343
2828
7652
7381
7838
2056
9109
138
7293
7314
9174
2030
7083
6414
7447
6524
1096
4194
5074
2527
1493
8203
9015
2126
3267
403
7230
3272
4526
7482
9280
1739
3993
1456
3863
3588
2793
9461
2150
8308
5940
9317
549
2130
4192
3090
3897
7739
2062
2869
4743
7808
5708
7810
6678
8953
8071
1413
2522
6944
6857
5167
1537
1052
3737
9302
6527
5202
1316
48
4624
7761
5325
4523
7493
6270
9921
7062
2261
7958
7284
8821
4513
5173
3940
7212
1138
4329
6721
6022
8029
8186
7859
4445
7648
7858
9238
107
4990
4256
5759
4075
8246
9606
2360
8508
1437
1238
2256
7963
9100
1510
8605
6400
4605
6890
9503
9898
7853
1446
144
1592
5449
5600
3531
426
6820
6752
2433
498
8638
9235
8083
7200
568
2958
5507
7295
6294
3281
521
3073
7031
8364
6086
6402
2008
7881
9754
409
619
6367
4430
8274
1479
8833
6570
1330
4854
5664
3184
63
6140
2429
4925
6464
1754
1465
8266
5781
2753
9346
3805
8149
2276
5222
9045
5190
4924
3140
3968
2826
5603
8594
4418
9317
5253
9766
7530
2139
9174
4216
5834
1504
3049
7647
5345
500
738
6440
8014
6631
1611
4002
9649
3172
2095
2870
6393
5955
7714
8436
9179
7580
5381
9640
9593
6583
2374
5094
8739
447
8136
9637
4366
489
1962
1981
5917
8364
937
1767
804
6553
291
8824
1385
6267
8766
2836
5516
2597
978
4206
4671
5773
7299
1479
9874
9266
8372
1563
6685
4205
6963
7257
3831
9171
7098
8917
4636
4639
4444
5992
4427
9109
9326
2237
4915
8309
5462
5373
4776
5163
8514
885
3158
1924
2811
3215
4097
5894
718
5977
1843
3866
204
5728
7339
7309
6176
3309
341
8577
3486
2019
4458
6883
5793
128
3677

