12467732459
8857
52655858875
46604764
112459061
371846624
20775343417
1626
9275279350
2961074145
4516428135
45799309417
3305065
21605795616
55234728
940046655
1042791
52759705
1073934
46829832542
12768116
247343003582
387157691919
4632853
2454045149
29889056
4473667348
2715991038
235336309
514106042
110306293
489068
296280232172
88984
23144
829898908
118234767
83
4584367050
971475510
4742262585
9460437
540851
431182272
5392725
36042961460
412616915892
59075937338
1603140191
1299290
5829254626
20380882
303750215815
7920483015
16778050968
714
56549956933
2186563790
2457569890
3305065
37786893
8567980326
31104221
188399956794
1977445397
3032868634
2256530
3994021345
26019537588
3864337211
244686
1307558
980624340
10975741134
15073976376
346389742166
738647802
18411749218
7009693115
403601338
50988
350134627
16375981244
2021
1965903403
151739132050
179790854372
1696543
2632226819
1791942757
33228686
140345832453
196928
13134245490
8080547
109880905
167
257635452453
276679877
20761202
45673
341182915
12812897694
23338036
3364215397
7900023255
21245386
2702
16356108685
226107987497
38101141254
26851554804
163043141
355604665
136161929
1851034474
11612602856
20602972740
20800062185
9181113013
56860177441
175185507302
382818308938
173269990523
1278630787
7889818224
16099796659
1320197
12749505794
8002777013
5868078934
33010750
5705090
691479064
14142969684
766367809
1875715372
45893
393014149457
2708277046
237894272023
680395925
13884359622
208405010870
422521488
61628757
20953690
11325496412
88984
281600821
1659026218
4409637
14854285466
122376997308
9463
2789209
41089990612
1312141564
28096435568
18039031225
16008611
5014
186908279850
181340
38779925
2457569890
161232168
335332109
4696766
1048535597
141941587
35020045
67725503559
84763671493
14204207
256392509
2830108119
183409059885
12
52526
7930723877
201728349896
46673926734
2451769
332567
14982074353
8222519936
629399492
52655858875
223246781013
581884710
266254939518
14282689558
1152191804
17783
277536749454
131339279
27460989
20973939789
40402755645
3266985689
124276620
153416
12988746417
86576367787
1307
140078336
6016999
382171269
234915055
4013
20428263
110603215632
13832114
74599823162
61104366730
1460900644
169836492132
709552997
12654944243
10022820395
2437427
6293971
5759967419
7638492926
59398844126
2606072077
261449299
74043003060
2750945871
23875345
310206168836
231932123604
83250365017
15674410803
10963658
173096757648
878555998
2862346061
456603616
59269477369
18411749218
415711568278
49774484668
41542186
175535848282
545693935
524446745
5093509130
5207169
7910254070
17440168392
65534676
210999
733923454
241162766596
68755126894
751788842
751788842
75663
6591093412
12040552
1067
261912490651
7628592909
23802669570
754202909
243911621
342798515495
154834612554
51964428435
243049033904
29530131131
1206504202
1364941166
85213533975
718749053
1963024431
5183203462
120503188682
60246073386
2919561663
8756844749
96590391589
26945503981
8926001
37997
162502296678
72473085615
15410173
748184091
31281359538
48201349027
140774578859
1734569942
270398156
17583
731567996
62991221945
904414
2228143949
361774355
318909716751
69238143
354010867669
151432753678
400449672343
3243
155774468502
73869793
98532797
135132438
8290566
57573770
479348305
259139120
5822
39539895
28716213
31
403837839212
2624733874
99047609160
5541782770
221285426132
2
270402464159
157371216
279414399353
210675392985
7242089410
669
39950490150
165632808861
6679
19730060
2394841160
65135106
30394205684
20701316747
49963053
115982478
41043851647
69661557
102199955965
290760
106325286616
182135126640
4761172
5752315398
2731473886
257136524323
184323986893
451478
11128393132
27071203859
18311623
10318674588
310645065
161850177641
48415566112
423937163870
816825229
4144647440
19502498955
261664
1226573
440006498
690362618
15503370702
1117228987
300281239086
10080
11325496412
1776777
25240726227
959393062
6170917239
916724704
80399
8361306493
1283
296407
379593285812
19737063471
4958270469
5134736858
40493766164
15866483556
2364022141
1000
81
1709047044
3289904080
2786313982
219388694
232398919
1755023
280610144
245223272
10397145824
39369903
2107
282096811
34635804749
25093418144
369023267827
135985502565
74043003060
5946430758
3958157
610185715
13314096295
9273
4127657779
22895088205
8361306493
418827623982
783
83142793
253668857083
200004681
4615563568
7940984574
16785250
783
63165530
238591171289
231253133422
136937128
5388511086
11240634966
1658
11847058795
6882532100
28788463255
12359716542
464836
166910
2001074
72540118
21734254886
100297674678
2189976
14619750
202727115784
4424
916559
163156749010
4361227
211211234
38447224043
20652084368
258635940071
29635
33508212352
87219186554
175535848282
289650
123133964271
146558583
6634337
50886739403
359064239744
451478
17737279485
409160879304
756212
2430284
49336640
1793113
125946619455
30271
26611766
342955830
4678524503
4578157227
75222498
147665242
1634671
6455
7260983585
1491979048
348363097984
14673462971
18791497253
1043661883
82318267
7433059584
192110
28652480
398578715586
815526748
54600991019
6228236666
37623747
24627324749
7576712
98427968365
201101462
14691445326
235125170275
205927
430482
16785250
480
128864413
15770169113
607884
125948413
460454623
212549916575
16510109
4571947353
4944927061
19270498769
56488106707
88247687
289535577034
220851754600
1187720
22573000596
452023127
94684980355
14565923982
938
46260454994
23139414749
4072
3286283
16099796659
331292
628375471
866157007
7838962158
12436783494
169326948641
128029178227
174938088
270000
424
8426076808
28652480
323336942
18183778
6277358
291767901157
4024824
8972426705
34039039
322883862715
136677813
1793113
10022820395
148777816
13816130493
31715558642
363
12702138900
8065002270
68562
82646874
394121341946
276
106110529
131339279
66136124009
3561661712
3262420704
19713475507
3774811722
31353348942
21529074396
749
200535797087
249596
63816176614
8881072660
16186
7223243865
422358968223
35798069545
54087
189525913501
37672552543
9088
2936102736
2384529130
23331093804
14655485424
498001
720757
3473
173982
8138166000
238358691259
1024378555
396
174726
136184
360
23
3591427188
2525409224
4569793
334764093850
239
217927
3626438887
16475662372
606210101
24830248246
1411115135
490691827
312849
65637627284
22841124504
315883339620
50942936851
2818098143
6041711155
8018783
18367534159
23607441288
3676992733
4710300269
76701817751
42070120864
6909610186
6360830
41136176850
106593
8350
10811377388
4819802566
382824830
206564217920
35112481335
13596496373
1570036
84583
1474147366
176062644718
41600739553
9
518092
398205487116
200371268
863419649
1088265702
39815693592
16276862461
611183123
103260666
857192
2223002
371815067206
7819
34218
28622282548
263778
16920897649
16941389411
3994021345
4659557402
86001827
110306293
17845773
22546352124
17461235104
17209907531
237029
175360575540
404215873908
344753104464
1003847839
8745633632
667988
2283377
234895749535
69874230430
875
8458626522
1022784624
81935737713
151432753678
372484293
2045040584
16656492861
1162874739
242607691
6260768
183599
4735290
2731473886
1330205337
5750814
15
620867
7156499
23284874
40130820410
29461995830
49390505699
3277004
187094150861
79
26602523884
27260788363
199546927905
3041705
20775343417
9111063056
31788454411
10476168565
114411
344738772
1423952350
11406105
548583
73490023872
170347476441
3991264
60250132
1825
24714097025
60873673
602256650
33089389437
221502623265
1258479
242174879
480358
191428351
114208521
21491631
264203238005
4266027
82197105063
4891885149
229675920501
5694
4035974
343551157
41542186
203680438
44243049274
3333336
25554618
853911988
47775475473
3561661712
47881603554
12702138900
160069391378
63747021832
410336
11266337
17588159785
15827896636
1636946626
640683
93950
151595212
226329477617
10515884740
1724321470
284059
10
706132526
45342402687
2066024834
599308435
33508212352
7569443195
409160879304
20262175426
5766190
56364553579
26324892580
140060696218
589571358
1651633737
220181753
24197560614
137323
434106955
13396600677
5461007744
60905288694
72162797785
50550697832
527060807
39950490150
50494879988
212549916575
45
1253525587
383482159
3821969195
280117167
76947806433
303750215815
7479658
101456243212
448190
208408
5689934
56673865136
185427484806
582674
112218817072
8949516304
684807731
16475662372
275139549691
400449672343
50216674065
463151
89
774520
2471713830
3062891897
102258791
2217
15129350933
13918600630
9017187
3923
116113228274
211923414273
64581051637
23858736029
6513
31172998
2685256438
26664576244
7808584867
62010156
4660
40053775
19525834255
87219186554
5946430758
8972426705
2854741
51792897756
349684473255
1923
9155
8578983130
514106042
79279088125
521795
141779651776
11100497359
299892
1016436218
3350168865
50702782
15
6386256896
8926001
1134587761
9710047104
1320197
496231
78606472517
3939514237
19593372
236275326217
172052167
69349917101
6001031
1776127745
175535848282
1693897557
1132840506
46211056
231566818
23179109
3075837681
110947623204
503950805
229675920501
1859226526
353676342960
34952925447
4138170
199546927905
358062596
4236328906
570530
38033402
39905491621
2127067157
3982
18966
9418191388
59918898976
11980830747
826051
246099311
316486533780
49440032
3659475
25612382
8869717856
4991772720
43023484613
94090471672
200535797087
36996000677
2241078451
313780773193
299993832862
11282988172
7754790
1467508534
128818298701
2631
68385797059
312883533229
462003252
3669
2495620
2638735
4742262585
87219186554
54637
1375786
27460
10865919332
623
140488655192
369722
7540031558
132424866333
23713115
2719851814
13534384
66610
351948467
761478759
3896395017
26789109238
521795
391542445725
218480480853
87959210680
701173
12812897694
351342606
17995646262
25507863228
180508047
198955818757
21149127999
154366578163
719904142
723384551
526187669
5246151664
511551277
187094150861
231705604974
5407251
1117228987
82284407700
2518184345
2215272928
899580928
1627224187
102093394444
42106
48003393
2229566
22398007
54096572
291169381
4596821908
16875
5141634385
1744311
192482442
217
3661761430
28063880044
27102718921
6695751568
65668690
1032
109009081122
93629888
2946921
538526601
16336270274
4005010746
67
135388872
